10325236
10694252
10735633
10790218
10996323
11009462
11113008
11802537
11864984
12354768
12356854
12442276
12829173
12837749
14499861
14760488
15090700
15308760
15325285
15500450
15670565
15746444
15851652
16011830
16132053
16155735
16265869
16314852
16472284
16474003
16769794
16801386
16842817
16923798
17056009
17534376
17560554
17560885
17569659
18218237
18222468
18464931
18593567
18596570
18606002
18617000
18634780
18690032
18692916
18808722
18955593
18987434
19088443
19136169
19184172
19215240
19285083
19305408
19371231
19412172
19426697
19501051
19631912
19731233
19885040
19940115
19957170
20126594
20809527
20831043
20875080
20951697
21063070
21130771
21135103
21164565
21240260
21244686
21350584
21367833
21483829
21496174
21625547
21777565
21779290
21935437
21936766
21951015
22052944
22104571
22194679
22194911
22199116
22359612
22378279
22396785
22402334
22515331
22586397
22848423
22876326
22956155
23015789
23098067
23136156
23193492
23207121
23277474
23300672
23304551
23316295
23316740
23470493
23546015
23596459
23613831
23680237
23718892
23766769
23820649
23837003
23840331
23847545
23861798
23864605
23874304
23899126
23917959
23936059
23963752
24005047
24015048
24043860
24057343
24065925
24086693
24152733
24204727
24213244
24217263
24291113
24400285
24530480
24552659
24596401
24606995
24638994
24705329
24773605
24877995
