10086972
10220144
10491368
10517660
10735633
10790218
10841244
10862094
10862095
10862104
10973849
10987356
11009462
11170080
11332568
11802537
11844290
11854117
11997281
12062363
12354768
12402336
12621127
12808265
12877697
14508592
14556882
14642687
14642688
14642689
14642690
14642691
14661677
14676148
14714110
14720170
14998624
14998625
15028050
15043509
15090700
15120823
15176425
15242738
15280442
15364333
15466642
15500450
15572050
15670565
15699249
15840476
15851119
15913580
15958262
16029385
16043162
16116052
16155735
16253915
16379539
16399053
16470702
16754261
16818214
16922724
16923798
16969682
17210839
17531263
17560885
17576861
17595376
17876385
17905336
18272172
18348270
18362022
18452873
18508782
18593567
18596570
18675227
18692916
18774102
18776039
18808722
18848812
18984536
19034806
19038855
19065538
19070294
19136169
19157587
19160088
19169982
19184172
19187913
19215240
19306396
19322600
19352046
19371231
19490267
19668779
19695459
19731233
19843919
19996378
20167303
20197117
20390067
20636320
20975234
21063070
21070882
21109023
21130771
21185499
21216356
21308345
21410720
21499742
21779290
21951015
21964171
22067087
22104571
22173492
22314138
22378279
22382559
22402334
22407026
22429796
22515331
22727609
22764740
22821100
22882672
22885918
23010577
23098067
23134353
23207121
23237912
23277474
23351921
23465283
23546179
23571586
23631430
23864605
23899126
23917959
23936059
23981618
23995044
24021552
24057343
24103226
24112685
24217263
24218437
24334129
24400717
24606995
24623279
24667783
24973560
25140878
25626866
25819988
25935074
25974115
26022375
26063740
26066609
26076856
26118593
26129877
26173150
26271031
26403377
26412604
26496715
26746457
26823142
26831020
26847485
26937396
27345990
27492745
27555138
27761169
27816319
27871843
28049825
28438721
28532774
28749435
29020304
29037423
29121719
29146210
29214556
29331839
29396286
29431731
29449639
29497013
29622001
29650123
29739726
29752375
29759541
29766883
29881912
29957233
30036649
30105468
30244407
30246897
30582453
30844837
30929919
32253972
7889573
8877771
8914737
9452080
9544837
9600240
9693036
pmid
