19716085
10071047
10211412
10226321
10336646
10403767
10436378
10439117
10439123
10449136
10453736
10521263
10529370
10611949
10611950
10611951
10627135
10671063
10675660
10694917
10772944
10827225
10834537
10842705
10842715
10842717
10842718
10882995
10892290
10924339
10973857
10998371
11019863
11132095
11132096
11152276
11162459
11166799
11230714
11243784
11409034
11445644
11577236
11676293
11752443
11866053
11870693
11940682
11966704
12000195
12000196
12005198
12039669
12079390
12095258
12351683
12376880
12403615
12414539
12440486
12553428
12557756
12557757
12557758
12560553
12649341
12724338
12729768
12757474
12761393
12762138
12762140
12779320
12874414
12874858
12876326
1300167
1301926
1330202
1335038
1350083
1351039
1353861
1356051
1362222
1436517
14534839
14578606
14625827
14640031
14640045
14673473
14690414
14755500
1490495
14961068
14986482
1517749
15185498
15185500
15185501
1520326
1520336
15214015
15217993
15299606
15377697
1544214
15477096
15478468
15523922
15542916
15624495
15649951
15678760
15678762
1570831
15725588
15735344
15736938
15793844
15804246
15930086
15949223
15966731
16011990
16053476
16076612
16076613
1618497
16194874
16194875
16219761
16225852
1633877
16362527
1637142
16376939
16421881
1644201
1644839
16449795
16544878
1656975
16690499
16716350
16792551
1681909
16872010
16911959
17002298
17062380
17062384
17094098
17116243
17143887
17196219
17251346
1729888
1729893
1734866
17453626
17466336
17503405
17558848
17577687
17577688
17683281
17701470
17701472
1786038
17873539
17968688
17968689
17968690
17980738
18241340
18276611
18318779
18460047
1850190
1850191
18506713
18537267
18544157
18566660
18579156
18606975
18709962
18729067
18760272
1877623
18786882
18830126
18925456
18930252
19018796
19021760
19061244
19065295
19065297
19065606
19118530
19188365
1932142
19372706
19428025
19493541
19604387
1966018
19696882
19781421
1978774
1979335
19863112
19922331
19922332
19950966
1997217
2002274
20060816
20209591
20234390
20373457
20376481
2040864
20435197
20462362
20462367
2046936
20479782
20498702
20542913
20565072
2063870
20673327
20686303
20689228
20697105
20814501
20840742
20935325
20979939
21107516
21174946
2122246
21280184
21375738
21406045
21490715
2161654
21692911
21739396
21799879
21865539
21878437
21992998
22027013
22053176
22080762
22083004
22094129
22112803
22149423
22253829
2237288
22382560
22400056
22439750
22449240
22468675
22494066
22506939
22531659
22537653
22553674
22592564
22620962
22670059
22784244
22793672
22795285
22897426
22973891
23028965
23126592
23130126
23133543
23169427
23185504
23185553
23189548
23244293
23278526
23346293
23365751
23387326
23390551
23425518
23438977
23466880
2349941
23523753
23537813
23579071
2363717
23642163
23713495
23716704
23776379
23815017
23817086
23820649
23853716
23901247
23905621
23931808
23974642
23993291
24014585
24030042
24101373
24113303
24138840
24144522
24184229
24286032
24356794
24358189
24398570
24455802
24459092
24474780
24555660
24572009
24601850
24613567
24620715
24632442
24748873
24767411
24800914
24802803
24818650
24918964
24955979
25018619
25048588
25086037
25091367
2516414
25183414
25211232
25228988
25245430
25273354
25282612
25367359
25382970
25395306
25416603
25430583
25432650
25471118
25478940
25482846
25485123
25488473
25510352
25519307
25550818
2559819
25628512
25644864
25686071
25717318
25721874
25743335
25743445
25745667
25819286
25820240
25852856
2587841
25908211
25935873
25973863
26002815
26096568
26115788
26123279
26131827
2613237
26147092
26156087
26243339
26250643
26286619
26286643
26306725
26338094
26361241
26362631
26369527
26428663
26452528
26459562
2646319
26521788
26529114
26600212
26600306
26656838
26662359
26664897
26734951
26734953
2675831
26794616
26849806
26870387
26894299
26902880
26905915
2693890
26959691
26981744
26986100
27012632
27013539
27033334
27050398
27051017
27066555
27099354
27122057
27132122
27135849
2714785
27212199
27212678
27238058
27249223
27273296
27455834
27494299
27499917
27528273
27562180
27584576
27589730
27652282
27695122
27724962
27784877
27858761
27859927
27872470
27878441
27884058
27885756
27910942
27992035
28093848
28102864
28202889
28217248
2823755
28338000
28360830
28395866
28407005
2840822
28425041
28435766
28479268
28494620
28508289
2852018
28527106
28539873
28583160
28646538
28647518
28678923
28694632
28704493
28719236
28762097
28820582
28882124
28887775
28893208
28900607
2891727
28920433
28928965
28943540
28944235
28951660
28955941
28957343
28960480
2896079
2897192
2897849
28991715
28993312
29016222
29019809
29115008
29153245
29177547
29209135
29209781
29277593
29330472
29343286
29360446
29455155
29465889
29520877
29524093
29568686
29593496
29607936
29611130
29633228
29939164
29967786
29970125
29972637
29984770
30018138
30070416
30073497
30093168
30109266
30115079
3011930
30133284
30198232
3021142
30213975
30215006
30233755
30252892
30284755
30286783
30295933
30327725
30328212
30333406
30361054
30366153
30374850
3037992
3039062
30393640
3041083
30470998
30478886
30486687
30509186
30553273
30560216
30571379
30572722
30581282
30595768
30604309
30618225
30631096
30683924
30704121
30733681
30736835
30764529
30801482
30804345
30811423
30813263
30815230
30829617
30875761
30890882
30890886
30938420
30959752
30981840
31019999
31020184
31067424
31068754
31074293
31083399
31093980
31098895
31117178
31118583
31119947
31133063
31135624
31139689
31169435
31172685
31178489
31216785
31217996
31253122
31319424
31322739
31353960
31358790
31359320
31447895
31452023
31473362
31473866
31496332
31502419
31502881
31517060
31517333
31521469
31541162
31553132
31554435
31600260
31659433
31666456
31676763
31718691
31728576
31740141
31751438
31797629
31810196
31821430
31825134
31826067
31853709
31864976
31897943
31907599
31919945
31932463
31949094
31965737
31983923
31988916
32000831
32011129
32055713
32062791
32110029
32176096
32197355
32210536
32247966
32269295
32280781
32286934
3229002
32324953
32333729
32337338
32395865
32397334
32419519
32425064
32456156
32477799
32493526
32498921
32500375
32514488
32523456
32523459
32617488
32627105
32635414
32674397
32705768
32725834
32735824
32740500
32741838
32742575
32749600
32754033
32773395
32785879
32788615
32789836
32794090
32832622
32837824
32850258
32858486
32866461
32884276
32904695
32924285
32948978
32954271
32967612
32999234
33001386
33032855
33038745
33054844
33070419
33073249
33114611
33133314
33135676
33146042
33173025
33188503
33188616
33195479
33203445
33203794
33205581
33212973
33262485
33262486
33270160
33281182
33283485
33287192
33311636
33317601
33324896
33329366
33335475
33345470
33348885
33355618
33362465
33367948
33381924
33411102
33428857
33459839
33467513
33481097
33546753
33645214
33679409
33693203
33726816
33739616
33758536
33768376
33776421
33791079
33802170
33817700
33827635
33844361
33850916
33868731
33899502
33917266
33921571
33922648
33924717
33925301
33928732
33934486
33957949
33960565
33976166
33992807
33993188
34017661
34022837
34024024
34035264
34059423
34063790
34066384
34076545
34079032
34084586
34089151
34089308
34093538
34106429
34112225
34116942
34145794
34151536
34206500
34207092
34221329
34242301
34252029
34262948
34299342
34316771
34317109
34317174
34343569
34355354
34380564
34393454
34396189
34410494
34432383
34439599
34440326
34461737
34483312
34483316
34487268
34491937
34502397
34518987
34527899
34527900
34530288
34550244
3457802
34585077
34602081
34622668
34631606
34634447
34658264
34663645
34668655
34688163
34729523
34729535
34740514
34746851
3479441
34816083
34824672
34857099
34873643
34876572
34880242
34907500
34917152
34957240
34964197
34980537
34991732
34996915
35008444
35040071
35095067
35115086
35126986
35141244
35149236
35153720
35185758
35188911
35204645
35237660
35256455
35262576
35283385
35295833
35307708
35317351
35317495
35325395
35328180
35331287
35337074
35346209
35353354
35377943
35388433
35393947
35402512
35402557
35414852
35414854
35414855
35414856
35414857
35419651
35428899
35456241
35457333
35463150
35474286
35482908
35484710
35514073
35549533
35560802
35563729
35592471
35592550
35608040
35626697
35627273
35637921
35665499
35672798
35685253
35705430
35717381
35724960
35734096
35747521
35751086
35779241
35784752
35795194
35795903
35810210
35817943
35830843
35833187
35838892
35844663
35848215
35848634
35893595
35920110
35929637
35933469
35945901
35959393
35995766
35999650
36003663
36012138
36017698
36056432
36064814
36098398
36101541
36111397
36128649
36156600
36186469
36198883
36204920
36216601
36228827
36244454
36248126
36261369
36262171
36286264
36295058
36302762
36311011
36325894
36328502
36337276
36338485
36341129
36350689
36357675
36366846
36369333
36375122
36376534
36380086
36380794
36401333
36405287
36416010
36444185
36444226
36471404
36494773
36525140
36530839
36531853
36543209
36551808
36553503
36555787
36561083
36562013
36566436
36573111
36575133
36576645
36590917
36611015
36611101
36611375
36614141
36659956
36661908
36672570
36681222
36722520
