10071047
10211412
10226321
10336646
10403767
10436378
10439117
10439123
10449136
10453736
10521263
10529370
10611949
10611950
10611951
10627135
10671063
10675660
10694917
10772944
10827225
10834537
10842705
10842715
10842717
10842718
10882995
10892290
10924339
10973857
10998371
11019863
11132095
11132096
11152276
11162459
11166799
11230714
11243784
11409034
11445644
11577236
11676293
11752443
11866053
11870693
11940682
11966704
12000195
12000196
12005198
12039669
12079390
12095258
12351683
12376880
12403615
12414539
12440486
12553428
12557756
12557757
12557758
12560553
12649341
12724338
12729768
12757474
12761393
12762138
12762140
12779320
12874414
12874858
12876326
1300167
1301926
1330202
1335038
1350083
1351039
1353861
1356051
1362222
1436517
14534839
14578606
14625827
14640031
14640045
14673473
14690414
14755500
1490495
14961068
14986482
1517749
15185498
15185500
15185501
1520326
1520336
15214015
15217993
15299606
15377697
1544214
15477096
15478468
15523922
15542916
15624495
15649951
15678760
15678762
1570831
15725588
15735344
15736938
15793844
15804246
15930086
15949223
15966731
16011990
16053476
16076612
16076613
1618497
16194874
16194875
16219761
16225852
1633877
16362527
1637142
16376939
16421881
1644201
1644839
16449795
16544878
1656975
16690499
16716350
16792551
1681909
16872010
16911959
17002298
17062380
17062384
17094098
17116243
17143887
17196219
17251346
1729888
1729893
1734866
17453626
17466336
17503405
17558848
17577687
17577688
17683281
17701470
17701472
1786038
17873539
17968688
17968689
17968690
17980738
18241340
18276611
18318779
18460047
1850190
1850191
18506713
18537267
18544157
18566660
18579156
18606975
18709962
18729067
18760272
1877623
18786882
18830126
18925456
18930252
19018796
19021760
19061244
19065295
19065297
19065606
19118530
19188365
1932142
19372706
19428025
19493541
19604387
1966018
19696882
19781421
1978774
1979335
19863112
19922331
19922332
19950966
1997217
2002274
20060816
20209591
20234390
20373457
20376481
2040864
20435197
20462362
20462367
2046936
20479782
20498702
20542913
20565072
2063870
20673327
20686303
20689228
20697105
20814501
20840742
20935325
20979939
21107516
21174946
2122246
21280184
21375738
21406045
21490715
2161654
21692911
21739396
21799879
21865539
21878437
21992998
22027013
22053176
22080762
22083004
22094129
22112803
22149423
22253829
2237288
22382560
22400056
22439750
22449240
22468675
22494066
22506939
22531659
22537653
22553674
22592564
22620962
22670059
22784244
22793672
22795285
22897426
22973891
23028965
23126592
23130126
23133543
23169427
23185504
23185553
23189548
23244293
23278526
23346293
23365751
23387326
23390551
23425518
23438977
23466880
2349941
23523753
23537813
23579071
2363717
23642163
23713495
23716704
23776379
23815017
23817086
23820649
23853716
23901247
23905621
23931808
23974642
23993291
24014585
24030042
24101373
24113303
24138840
24144522
24184229
24286032
24356794
24358189
24398570
24455802
24459092
24474780
24555660
24572009
24601850
24613567
24620715
24632442
24748873
24767411
24800914
24802803
24818650
24918964
24955979
25018619
25048588
25086037
25091367
2516414
25183414
25211232
25228988
25245430
25273354
25282612
25367359
25382970
25395306
25416603
25430583
25432650
25471118
25478940
25482846
25485123
25488473
25510352
25519307
25550818
2559819
25628512
25644864
25686071
25717318
25721874
25743335
25743445
25745667
25819286
25820240
25852856
2587841
25908211
25935873
25973863
26002815
26096568
26115788
26123279
26131827
2613237
26147092
26156087
26243339
26250643
26286619
26286643
26306725
26338094
26361241
26362631
26369527
26428663
26452528
26459562
2646319
26521788
26529114
26600212
26600306
26656838
26662359
26664897
26734951
26734953
2675831
26794616
26849806
26870387
26894299
26902880
26905915
2693890
26959691
26981744
26986100
27012632
27013539
27033334
27050398
27051017
27066555
27099354
27122057
27132122
27135849
2714785
27212199
27212678
27238058
27249223
27273296
27455834
27494299
27499917
27528273
27562180
27584576
27589730
27652282
27695122
27724962
27784877
27858761
27859927
27872470
27878441
27884058
27885756
27910942
27992035
28093848
28102864
28202889
28217248
2823755
28338000
28360830
28395866
28407005
2840822
28425041
28435766
28479268
28494620
28508289
2852018
28527106
28539873
28583160
28646538
28647518
28678923
28694632
28704493
28719236
28762097
28820582
28882124
28887775
28893208
28900607
2891727
28920433
28928965
28943540
28944235
28951660
28955941
