10071047
10211412
10226321
10336646
10403767
10436378
10439117
10439123
10449136
10453736
10521263
10529370
10611949
10611950
10611951
10627135
10671063
10675660
10694917
10772944
10827225
10834537
10842705
10842715
10842717
10842718
10882995
10892290
10924339
10973857
10998371
11019863
11132095
11132096
11152276
11162459
11166799
11230714
11243784
11409034
11445644
11577236
11676293
11752443
11866053
11870693
11940682
11966704
12000195
12000196
12005198
12039669
12079390
12095258
12351683
12376880
12403615
12414539
12440486
12553428
12557756
12557757
12557758
12560553
12649341
12724338
12729768
12757474
12761393
12762138
12762140
12779320
12874414
12874858
12876326
1300167
1301926
1330202
1335038
1350083
1351039
1353861
1356051
1362222
1436517
14534839
14578606
14625827
14640031
14640045
14673473
14690414
14755500
1490495
14961068
14986482
1517749
15185498
15185500
15185501
