38441582
35414855
20301373
35322226
25604431
29972757
30885685
36644836
30295933
22645360
34527900
39196575
37365282
34663645
39082942
40325410
38844302
39976297
38720335
39112608
8023063
33362465
26048914
30644768
22537653
37875336
35185758
37696363
36311011
35438637
25228988
39260623
38047038
39230471
38850014
31566422
39470417
39545406
11940682
32789836
37639169
11569892
30764529
28635949
28093848
39482264
16565975
31268366
39290816
39458146
32948978
36930136
37655225
40433205
37029471
37532616
33768376
12553428
10827225
37610765
7599630
34634447
22928869
36846120
36819882
38399526
34440326
34719408
36204920
34491937
36350689
35933469
40643127
12553427
22620962
21992998
34024775
36659956
35810210
36851846
39271635
39140136
30169969
23240369
24395461
32203746
40413714
35141244
39314866
30685801
37784196
1301926
36405287
35419651
36776255
40429804
34380564
38928520
28335735
23793229
40296002
8038017
31139689
37335747
39878313
35402512
37711552
35377943
40349904
38523305
36661045
31319424
33461327
35830843
37466024
28412068
34151536
8411724
33192475
38841257
7577941
36494773
33345470
31554435
40586114
34805759
39997338
39436278
26521788
38158982
36286264
10940233
37768132
35848634
33287192
36661908
30198232
34668655
29520877
40057195
12127321
34632904
36101541
36178172
31020184
34076545
39242501
40084403
40964530
28922609
28991715
36186469
36540298
31074293
30142390
27238058
37266816
35549533
38769922
36796540
32674397
33907095
38769233
28490654
28556268
32395865
37381065
25291558
36734834
36923113
24030042
25367359
29708356
39282010
39768780
25644864
34343569
32493526
36216601
28373475
31659433
33373035
38541013
34658264
34589991
30890882
35959393
41101792
2560117
32269295
27562180
21918173
34331265
22149423
28494620
33133314
24131106
40941631
26156087
38775878
23159229
37006801
10691052
39668552
34746851
30604309
33324896
17980738
38537102
35592550
22187309
29455155
35307708
24101373
32749600
12652689
22620968
34047656
37788558
30328212
23193944
23931808
37855400
39655870
38753639
34755769
36228827
28475415
22877808
35463150
27858761
38437799
40082707
31741327
39981348
18460047
39736876
31864976
2675831
35283385
16399646
18537267
21537325
40622022
3479441
2559819
38103852
19922332
26306725
30683924
29016222
20660862
34232518
11966704
39532466
35149236
36380086
9771673
37953725
38204330
30793974
2265853
8920938
16376939
24189466
40804349
11907422
40760461
19118530
19372706
26505625
23244293
22549559
11243784
27499917
17503405
2237288
1877623
23306657
15966731
28395866
25510352
8095120
9701270
18022643
28272196
14966406
16544878
15995833
40223682
32286934
12617705
38580522
33135676
16552785
40725383
3762958
28646538
16194874
37827496
41018688
31169435
33038745
31666456
12557753
24356794
12095258
9748569
10924339
23193943
39676281
15377697
8634341
10689671
29993288
24184229
39521178
30286783
41095902
1729893
26428663
30470998
35040071
15217993
10671063
16115295
40855699
7633183
25488473
21692911
12649341
16690499
25245430
39219900
28902413
32741838
26529114
29277593
17968690
40870008
12210373
22080762
19372189
29611130
24113303
17968687
24572009
23466880
28081655
1626570
19602727
21774739
26452950
12876326
21397913
25391122
29883834
8352764
15649951
2349941
1570831
31821430
26361241
7794243
28425041
8064809
39917777
41043930
14968122
22449240
32274641
8345041
31447576
21406045
40574817
9434098
34740514
10842715
10521263
17453626
1490495
40681261
23547084
10694917
39790491
25910794
14506715
10882995
10436378
25820240
3011930
21607198
25721874
10627135
19078558
9949732
25294886
28719236
3457802
7868124
34585077
9395793
6099706
8784093
30595768
27173100
9748014
16911959
18984591
20935325
12762139
30813263
12779320
3037905
10611949
22784244
22973891
40816926
1618497
24358189
39449414
32999234
25430583
12771253
10842718
18587576
12762138
1850190
24111657
1407590
10611951
24480837
27511999
30333406
28460244
12039669
27793437
8857732
21490715
10675660
19428025
17432206
3229002
9686305
27135849
23901247
18579156
12000195
25665511
10571824
21135536
11477356
31178489
12557757
10611950
9268242
1353861
2714785
8692810
12762140
12000196
35533685
17484624
18786882
21843040
28202889
11870693
20536403
19491989
22785530
12440486
1335038
10677864
1520336
11409031
12874414
14640032
19419835
12557756
17577687
23126592
11230714
8133316
16194875
8019560
17873539
17635579
1544214
22400056
1786932
1520326
17122946
15725588
1786038
3527165
11445644
8976129
8309582
8500260
8261706
