10090482
10098775
10323242
10343884
10344217
10353781
10380753
10406662
10428326
10447273
10459348
10464624
10464625
10464631
10464641
10479726
10480351
10489161
10508480
10523726
10573018
10595255
10662541
10699917
10733239
10737987
10739701
10739756
10788334
10790213
10797299
10802632
10811118
10854945
10874312
10885601
10911419
10945492
10980541
10984458
11080904
11091610
11102977
11102978
11139251
11142766
11149425
11207040
11216667
11234491
11248061
11248423
11250694
11278247
11332994
11352856
11385711
11451557
11462239
11466700
11493753
11494157
11556836
11595708
11606101
11683778
11720839
11748848
11766733
11785296
11802208
11857748
12014998
12037674
12101561
12170759
12181777
12188064
12203997
12220452
12220453
12234376
12362976
12402332
12442273
12491828
12497635
12497638
12601471
12655560
12673801
12698193
12759930
12815598
12815604
12827452
12879478
12911720
12911837
12915465
