31159747
29687286
38421676
21990134
30306255
23867111
19553641
38729429
16047333
28884397
39356978
35432218
36480783
36634123
39173195
35671604
36600087
38642925
35343191
37774066
19841585
31270633
29302806
34287743
11437066
30900310
35023674
37792368
38788514
27209246
24894332
31957001
37147448
39172235
34898566
31074233
36942145
29777908
35048954
15375703
35930098
39243563
39577381
23057551
37791389
39116683
25236687
37432545
37878345
32046878
30839285
40523654
29166829
38871662
24884828
34721658
22297469
37824776
34098565
35918668
36137114
36446827
27658390
37085799
35409408
28324225
23984822
35149709
29266833
16825125
33423179
35167739
34645131
25682074
38759517
31753525
18694767
22753008
36999648
37460658
23096355
18366960
16737811
36112334
40247739
37290104
40646715
36774644
18034184
27256048
25814778
38795508
34453642
19798417
37394440
29891109
33131182
28664449
36171434
12190286
20877296
31542591
28595730
23996866
37918957
17258685
34924242
12566964
31883735
21371001
23231005
33428613
25455630
30820924
29202330
35950060
28664506
31171836
34657373
34906479
23099806
21264845
37192837
28190312
12070551
39971428
27488874
34981296
21922593
18824701
21400086
40603570
15829246
18679828
22406760
29261187
33724863
24729269
31429350
34090422
36284026
34920368
33287145
33630024
12453858
16724249
11802208
35578052
18334730
18512148
23767878
39178525
21285147
30680866
32840490
38615309
35842521
37232349
28780755
33785725
19899408
36767056
33466630
30821131
30786683
16489001
35871032
18182994
32803532
26496879
28478614
19572197
26541979
31174498
38513456
12879478
30611917
31113680
33273034
17987791
25751062
22228431
32102521
23146216
27878467
34146199
39765192
31336956
25975955
19892845
21156238
35251494
24000781
17279547
29020660
32806537
20352487
27157322
16103107
36379199
39394900
31447071
28028375
15683621
33476590
21233402
24884479
34503502
34296289
21702907
23553196
21638052
31744886
38551024
24297685
24010542
17925560
20848184
12188064
31918993
39823150
31331294
27272763
30289174
31307957
30980249
28975393
29725888
29053726
29236234
24526178
25622547
30020253
32629901
17922257
27783335
25256924
36479692
33896588
23536787
29750596
38636249
25893891
38017478
28702897
29310340
18343994
28120249
32778078
17063265
31897316
11481082
23982851
11859716
28882436
27184744
28726806
29193313
29673794
15617999
33477375
10447273
19147582
22920209
32483276
25857409
25673166
28285055
16760288
38982928
15800311
32486089
14678969
24789418
38670560
21356067
27584910
33210232
18165637
34299313
25862976
31406321
26205609
31630195
18158561
10806719
16683254
27051053
15733268
26207792
25884701
39923681
32172432
25818403
32180084
39028150
38192174
25328041
18402691
18375895
21224735
19048628
17902052
16033833
29681614
28604461
21318380
20180350
18662409
32339256
24915046
25856039
36099913
15951956
27428375
16619800
12938098
16284991
31780705
17018160
28511696
21562711
23564750
21120943
15735322
19616529
18176857
31265121
24130102
28647964
28212807
23149842
28111427
23893897
16875939
38575303
11373105
21990165
26868636
11981002
39128337
10810408
29194191
15889636
23096105
32468491
22375716
20676756
15955690
15998910
17250666
20638108
19789974
22547552
24894343
16267036
40050055
18424508
19523210
28364669
19617217
17445839
14666193
28190311
10699917
38290412
12568865
16769276
20041308
17064299
19504351
40162724
28691938
17972172
16922722
18439109
28954295
24152768
15353005
14513821
20845796
27277847
33712278
24273914
20077502
17466083
33046835
16407858
10595255
17657584
33484353
19287957
36917763
15235020
21218378
18157792
40775829
28495237
16446344
24094589
19709408
31054147
39363506
12457999
40374330
32200540
11766733
17697535
19543972
15281667
27913932
15447980
18951447
27922795
24304220
19736894
12673274
12404104
11964925
29409816
18255133
19359128
38428460
10767783
34955160
19906413
16360812
18446624
31786208
17990525
26269803
27848044
25069718
12142080
25503501
18433505
40419351
12385650
15515971
27899183
31699802
23146383
18757339
19482343
17949280
31079832
31263023
21283087
20920338
18528753
17574969
19837273
15217508
11848488
40772289
9357627
19031948
31422574
24916180
19435195
37682500
20189727
17233897
18384426
19011960
32468256
40016543
31858328
24906410
15172753
41236914
37591780
23754181
31101686
22350158
21751003
39340237
11810084
19249193
18270812
18445692
15535844
18092194
32984879
12457141
18971141
18278587
21871984
12947551
33608381
19229607
12042957
18416054
11975969
16822416
10907083
26390708
19697632
11606115
14584644
