10323242
11062481
11185744
11766733
11793480
11836613
11927503
12097290
12204006
12215251
12373604
12461697
12471628
12491828
12496039
12527904
12552570
12655567
12670525
12684407
12698193
12759930
12865922
12911837
12917199
12942367
12955719
14517958
14555511
14559878
14735197
15026808
15138483
15217494
15290653
15365993
15475941
15564800
15668505
15876480
16168123
16211554
16261408
16485136
16574953
16619214
16728435
16758124
16764716
16825431
16826315
16848979
16939956
16956909
17011978
17018160
17100994
17233897
17380889
17657584
17700570
17767707
17945002
17972177
18024013
18046629
18177945
18199329
18284688
18288416
18431501
18431743
18439106
18489799
18497862
18547414
18597679
18627636
18693280
18694767
18783588
18797466
18987736
19046423
19200354
19229607
19253839
19267246
19287957
19476645
19548527
19563646
19649703
19656415
19825178
19942684
19944633
19949876
20010525
20020529
20151322
20201734
20234365
20352487
20380699
20383589
20455026
20492709
20683152
20807450
20932271
20974951
21042765
21063910
21092294
21232165
21356067
21427728
21476145
21504866
21638052
21671020
21673748
21702907
21719596
21769658
21939546
21989022
22044372
22144684
22194698
22253860
22382806
22399190
22430266
22471976
22632462
22666503
22684231
22703186
22713736
22739995
22752604
22864640
22923021
22938532
22977638
23028338
23199084
23318652
23397983
23451180
23458327
23469205
23519070
23555315
23593081
23683081
23704879
23767878
23776375
23884293
23961350
23964347
24052750
24123850
24171766
24302565
24312913
24372583
24489791
24489863
24578176
24586880
24607278
24728327
24814045
24830819
24936644
25036526
25066507
25136594
25339023
25348552
25356972
25374063
25428789
25436004
25712765
25798433
25802882
25850293
25859162
25884701
25886519
25916844
25923920
25925750
25927356
25948282
26026974
26052229
26109977
26111274
26183948
26496279
26535628
26543556
26577449
26779294
26824983
26833046
26843898
26848529
26852015
26913838
26920070
27067391
27081505
27129401
27148582
27194814
27383479
27446417
27490902
27495310
27658390
27701467
27848044
27886673
27907908
27914478
28039656
28078281
28111427
28133886
28166811
28199346
28202063
28222693
28279176
28339459
28351343
28382102
28392550
28415633
28418854
28419251
28422718
28435519
28480178
28484262
28577564
28591715
28617445
28637432
28651617
28713573
28751759
28782087
28814288
28878254
28924235
28944232
28947987
28985766
29021639
29088781
29093439
29093764
29156805
29158857
29209986
29215753
29262651
29339979
29387807
29409476
29433453
29460995
29492181
29515789
29551673
29566657
29580149
29641532
29642553
29649263
29681614
29731958
29745381
29750258
29755871
29785153
29790872
29797793
29802286
29852322
29869738
29881398
29884136
29899995
29909963
29983698
29998185
30086788
30145549
30175445
30204945
30207098
30231296
30233647
30254663
30257646
30263132
30266954
30275862
30286154
30287823
30352249
30362333
30400234
30410870
30420702
30453575
30547773
30555256
30606148
30630528
30652428
30662270
30675319
30702160
30715675
30728902
30832263
30883759
30968603
30972954
31002019
31060517
31065452
31090900
31131967
31143373
31161121
31191615
31209999
31263571
31312661
31331294
31336956
31341521
31343793
31346352
31360904
31413733
31454914
31477031
31518337
31528241
31563594
31565484
31570105
31586400
31592366
31608315
31631483
31666926
31700994
31749828
31780705
31811167
31850198
31851867
31852320
31869745
31911673
31992191
32005245
32022259
32034265
32070378
32098980
32099950
32109416
32132887
32164353
32164585
32175521
32206145
32211327
32284662
32284789
32286328
32300177
32354836
32356124
32365798
32376921
32377194
32380732
32393398
32398771
32438681
32444794
32455662
32486089
32522261
32523053
32548945
32554602
32576280
32579544
32609828
32641407
32665702
32680570
32686918
32726901
32753900
32759814
32761968
32772980
32778078
32782288
32806537
32824581
32846166
32849737
32854451
32862296
32872764
32879886
32894085
32901360
32908788
32908793
32959997
32994724
33004033
33054725
33067490
33078592
33113089
33127389
33145086
33159495
33206196
33240314
33240400
33260805
33262485
33262486
33287145
33293522
33324554
33357097
33376937
33385275
33397043
33403015
33407459
33421217
33428613
33468216
33469799
33476590
33478551
33484353
33552952
33558524
33573335
33619265
33632156
33643918
33691754
33718101
33726785
33747156
33763779
33810291
33868589
33875706
33889545
33891299
33918338
33978741
33996534
34020950
34034685
34048828
34072659
34097676
34118472
34130653
34150972
34161676
34178674
34196900
34202525
34203389
34209669
34234458
34242281
34287479
34290354
34296289
34299313
34326328
34330892
34356050
34356684
34359619
34367235
34399810
34413315
34422003
34439109
34456966
34461861
34464382
34490083
34504103
34541275
34548921
34567246
34570441
34572941
34590014
34608183
34645815
34646395
34651665
34692709
34703979
34749799
34758846
34823292
34846068
34930165
34936260
34981296
34984555
35000471
35042909
35065680
35087763
35115620
35116780
35116935
35165121
35167739
35203446
35216584
35251494
35257510
35264596
35300142
35313928
35325018
35353237
35382848
35383859
35411189
35428255
35451682
35456503
35463374
35464868
35469032
35534218
35568803
35585550
35595529
35596815
35616356
35641219
35671604
35686104
35687490
35710434
35740343
35740625
35743882
35753294
35778884
35806449
35858847
35886069
35893033
35912982
35914747
35918668
35957765
35986351
35995947
36003761
36013246
36030235
36046437
36107942
36232793
36290365
36315513
36324133
36329109
36358724
36385461
36405946
36419139
36471068
36497448
36517518
36523391
36551643
36568162
36577523
36601340
36604691
36707518
36711528
36717774
36722519
36831254
36845707
36851449
36922883
36937405
36950605
36964191
36969007
36977404
36980780
37002323
37046838
37055759
37056288
37064128
37067535
37096751
37116400
37118955
37129948
37179432
37197323
37234870
37239058
37277882
37296477
37298642
37304241
37306523
37347260
37371673
37400873
37461372
37538150
37569705
37664050
37692183
37706056
37723522
37728764
37731132
37743480
37760409
37761360
37761810
37813891
37816281
37852034
37895014
37907567
37922907
37966669
37991089
38001658
38010394
38019249
38036573
38059556
38098088
38142462
38157332
38187047
38285766
38298632
38300310
38323364
38339330
38355628
38355834
38392574
38397158
38413718
38504328
38527014
38537553
38559438
38671360
38709234
38734904
38814507
38863777
38873557
38890714
38918649
38920278
38922859
38937827
38940262
38974244
39009827
39061189
39062721
39080120
39085400
39095423
39138315
39148954
39169933
39187384
39191493
39256447
39273284
39335746
39338246
39364320
39366967
39390525
39394900
39438716
39438962
39455978
39456660
39468117
39488595
39506058
39518003
39554377
39590384
39596349
39669235
39710803
39741007
39747609
39796670
39805914
39809319
39902189
9150150
9500439
9761393
