10325236
10694252
10735633
10790218
10996323
11009462
11113008
11802537
11864984
12354768
12356854
12442276
12829173
12837749
14499861
14760488
15090700
15308760
15325285
15500450
15670565
15746444
15851652
16011830
16132053
16155735
16265869
16314852
16472284
16474003
16769794
16801386
16842817
16923798
17056009
17534376
17560554
17560885
17569659
18218237
18222468
18464931
18593567
18596570
18606002
18617000
18634780
18690032
18692916
18808722
18955593
18987434
19088443
19136169
19184172
19215240
19285083
19305408
19371231
19412172
19426697
19501051
19631912
19731233
19885040
19940115
19957170
20126594
20809527
20831043
20875080
20951697
21063070
21130771
21135103
21164565
21240260
21244686
21350584
21367833
21483829
21496174
21625547
21777565
21779290
21935437
21936766
21951015
22052944
22104571
22194679
22194911
22199116
22359612
22378279
22396785
22402334
22515331
22586397
22848423
22876326
22956155
23015789
23098067
23136156
23193492
23207121
23277474
23300672
23304551
23316295
23316740
23470493
23546015
23596459
23613831
23680237
23718892
23766769
23820649
23837003
23840331
23847545
23861798
23864605
23874304
23899126
23917959
23936059
23963752
24005047
24015048
24043860
24057343
24065925
24086693
24152733
24204727
24213244
24217263
24291113
24400285
24530480
24552659
24596401
24606995
24638994
24705329
24773605
24877995
24956197
24972929
25247487
25254341
25266489
25335996
25608792
25626866
25648353
25818916
25819988
25914329
25923442
26066609
26118593
26187847
26213684
26228265
26330336
26332594
26403377
26425105
26539080
26633382
26701908
26717233
26831020
26847485
26937396
27025590
27026928
27059892
27064559
27067805
27110425
27168400
27256139
27345990
27353043
27470144
27492745
27502440
27535653
27690226
27761161
27761167
27761169
28082916
28134617
28316956
28433559
28491588
28491751
28491768
28516454
28609477
28632743
28721524
28749435
28861002
28883014
29021858
29037423
29044207
29099038
29180482
29213071
29278359
29330128
29396286
29431731
29501667
29502107
29531232
29545312
29548277
29563525
29573040
29574456
29672598
29725305
29752336
29851656
29875689
29876509
29904349
30020974
30036649
30047011
30175559
30235722
30244407
30258187
30369311
30420954
30425124
30428582
30441573
30483629
30533098
30544110
30581736
30582040
30607529
30628647
30687112
30704477
30833571
30850667
30864332
30929919
30988392
31018519
31020140
31049424
31056480
31118017
31147699
31245483
31293497
31297148
31315195
31337358
31355049
31358886
31361068
31362019
31378668
31479461
31667381
31844156
31865891
31882846
31928344
31946488
32123669
32147975
32179837
32191791
32253972
32311972
32321643
32365171
32383558
32386560
32392813
32428210
32475984
32477142
32477792
32490690
32494455
32494459
32499709
32513994
32575374
32635562
32686758
32695588
32715669
32765042
32774932
32797034
32940533
33002718
33004839
33013630
33023024
33101942
33102492
33154722
33176122
33224525
33263944
33404893
33413079
33437379
33449212
33467093
33514547
33574382
33591962
33614747
33665105
33721574
33762635
33764691
33803538
33876311
33884304
33920294
33959219
33962658
33969075
33977138
33990324
34002542
34020651
34025432
34026292
34051449
34079780
34113909
34135774
34238014
34316734
34317300
34336299
34357002
34395343
34398210
34429635
34438161
34481479
34502138
34546463
34557911
34629888
34638656
34650221
34678663
34727194
34755423
34801551
34874112
34884666
34884836
34901807
34949935
34992545
34997921
35087072
35091851
35110475
35114584
35125346
35146537
35148401
35206276
35243873
35281812
35401829
35429386
35448088
35455047
35492841
35526388
35534508
35569348
35635995
35700634
35770094
35783865
35807297
35847401
35854468
35865016
35911527
35932045
35936037
35996667
36044927
36188564
36204818
36225957
36267859
36269083
36303204
36305573
36310718
36323850
36333337
36354768
36421807
36480497
36496073
36523767
36524037
36525500
36555428
36597672
36618596
36711783
36748725
36788754
36796231
36830871
36849440
36849527
36856594
36860515
36895064
36927983
36946251
36973673
37099628
37122211
37178278
37214950
37324772
37340491
37350568
37386841
37427690
37449562
37579942
37589201
37600027
37628921
37629037
37691654
37728764
37769355
37783170
37842167
37904281
37954102
38015761
38086455
38106919
38116480
38181028
38204521
38205348
38229148
38236165
38297132
38317233
38352360
38370698
38546223
38553524
38648771
38653189
38725159
38767439
38801645
38876300
38884101
38909121
38921260
38937821
38957812
38981143
39018021
39070617
39080263
39175068
39223609
39259489
39277575
39285490
39328831
39341500
39394151
39438716
39454535
39465141
39484649
39503779
39525816
39595119
39598169
39607488
39664848
39669639
39698424
39709756
39769116
39788950
